------------------------------------------------------------
` 1 2 3 4 5 6 7 8 9 0 - =     ~ ! @ # $ % ^ & * ( ) _ +
q w d f k j u h l ; [ ] \     Q W D F K J U H L : { } |
a s e t g y n i o r '         A S E T G Y N I O R "
z x c v b p m , . /           Z X C V B P M < > ?
------------------------------------------------------------
Keyboard effort
------------------------------------------------------------
k1                      0.861  74.4  74.4
k1,k2                   1.109  21.5  95.9
k1,k2,k3                1.156   4.1 100.0
b                       0.341  17.0  17.0
p                       0.816  40.7 141.8
ph                      0.000   0.0   0.0
pr                      0.192  23.6  23.6
pf                      0.504  61.8  85.4
s                       0.846  42.2 100.0
all                     2.002 100.0 100.0

#data effort_k1=>[0.861,74.450,74.450],
#data effort_k12=>[1.109,21.492,95.942],
#data effort_k123=>[1.156,4.058,100.000],
#data effort_base=>[0.341,17.024,17.024],
#data effort_penalty=>[0.816,40.735,141.792],
#data effort_penalty_hand=>[0.000,0.000,0.000],
#data effort_penalty_row=>[0.192,23.601,23.601],
#data effort_penalty_finger=>[0.504,61.797,85.399],
#data effort_path=>[0.846,42.241,100.000],
#data effort_all=>[2.002,100.000,100.000],

keyboard row frequency
------------------------------------------------------------
1                     2148816 23.5  23.5
2                     6123869 66.9  90.4
3                      878480  9.6 100.0

#data row_data=>[qw(1 2 3)],
#data row_frequency=>[0.235,0.669,0.096],
#data row_cumulative=>[0.235,0.904,1.000],

keyboard hand frequency
------------------------------------------------------------
0                     4824634 52.7  52.7
1                     4326531 47.3 100.0

#data hand_data=>[qw(0 1)],
#data hand_frequency=>[0.527,0.473],
#data hand_cumulative=>[0.527,1.000],

keyboard finger frequency
------------------------------------------------------------
0                      764404  8.4   8.4
1                      805304  8.8  17.2
2                     1737866 19.0  36.1
3                     1517060 16.6  52.7
6                     1492039 16.3  69.0
7                     1222509 13.4  82.4
8                     1087727 11.9  94.3
9                      524256  5.7 100.0

#data finger_data=>[qw(0 1 2 3 6 7 8 9)],
#data finger_frequency=>[0.084,0.088,0.190,0.166,0.163,0.134,0.119,0.057],
#data finger_cumulative=>[0.084,0.172,0.361,0.527,0.690,0.824,0.943,1.000],

keyboard left hand run length
------------------------------------------------------------
1                     1223079 47.5  47.5
2                      720647 28.0  75.6
3                      342993 13.3  88.9
4                      157931  6.1  95.0
5                       72968  2.8  97.9
6                       33177  1.3  99.1
7                       12473  0.5  99.6
8                        5360  0.2  99.8
9                        2338  0.1  99.9
10                       1031  0.0 100.0
11                        412  0.0 100.0
12                        181  0.0 100.0
13                         88  0.0 100.0
14                         22  0.0 100.0
15                         11  0.0 100.0
16                         11  0.0 100.0
17                          6  0.0 100.0
18                          3  0.0 100.0
20                          2  0.0 100.0
22                          1  0.0 100.0

#data left_hand_run_data=>[qw(1 2 3 4 5 6 7 8 9 10 11 12 13 14 15 16 17 18 20 22)],
#data left_hand_run_frequency=>[0.475,0.280,0.133,0.061,0.028,0.013,0.005,0.002,0.001,0.000,0.000,0.000,0.000,0.000,0.000,0.000,0.000,0.000,0.000,0.000],
#data left_hand_run_cumulative=>[0.475,0.756,0.889,0.950,0.979,0.991,0.996,0.998,0.999,1.000,1.000,1.000,1.000,1.000,1.000,1.000,1.000,1.000,1.000,1.000],

keyboard right hand run length
------------------------------------------------------------
1                     1454068 56.5  56.5
2                      615282 23.9  80.4
3                      307273 11.9  92.4
4                      115928  4.5  96.9
5                       47480  1.8  98.7
6                       19700  0.8  99.5
7                        7533  0.3  99.8
8                        3116  0.1  99.9
9                        1309  0.1 100.0
10                        562  0.0 100.0
11                        265  0.0 100.0
12                        114  0.0 100.0
13                         52  0.0 100.0
14                         22  0.0 100.0
15                         14  0.0 100.0
16                          7  0.0 100.0
17                          1  0.0 100.0
18                          1  0.0 100.0
19                          1  0.0 100.0
22                          2  0.0 100.0
23                          1  0.0 100.0
24                          1  0.0 100.0

#data right_hand_run_data=>[qw(1 2 3 4 5 6 7 8 9 10 11 12 13 14 15 16 17 18 19 22 23 24)],
#data right_hand_run_frequency=>[0.565,0.239,0.119,0.045,0.018,0.008,0.003,0.001,0.001,0.000,0.000,0.000,0.000,0.000,0.000,0.000,0.000,0.000,0.000,0.000,0.000,0.000],
#data right_hand_run_cumulative=>[0.565,0.804,0.924,0.969,0.987,0.995,0.998,0.999,1.000,1.000,1.000,1.000,1.000,1.000,1.000,1.000,1.000,1.000,1.000,1.000,1.000,1.000],

keyboard hand run length
------------------------------------------------------------
1                     2677147 52.0  52.0
2                     1335929 26.0  78.0
3                      650266 12.6  90.6
4                      273859  5.3  96.0
5                      120448  2.3  98.3
6                       52877  1.0  99.3
7                       20006  0.4  99.7
8                        8476  0.2  99.9
9                        3647  0.1  99.9
10                       1593  0.0 100.0
11                        677  0.0 100.0
12                        295  0.0 100.0
13                        140  0.0 100.0
14                         44  0.0 100.0
15                         25  0.0 100.0
16                         18  0.0 100.0
17                          7  0.0 100.0
18                          4  0.0 100.0
19                          1  0.0 100.0
20                          2  0.0 100.0
22                          3  0.0 100.0
23                          1  0.0 100.0
24                          1  0.0 100.0

#data all_hand_run_data=>[qw(1 2 3 4 5 6 7 8 9 10 11 12 13 14 15 16 17 18 19 20 22 23 24)],
#data all_hand_run_frequency=>[0.520,0.260,0.126,0.053,0.023,0.010,0.004,0.002,0.001,0.000,0.000,0.000,0.000,0.000,0.000,0.000,0.000,0.000,0.000,0.000,0.000,0.000,0.000],
#data all_hand_run_cumulative=>[0.520,0.780,0.906,0.960,0.983,0.993,0.997,0.999,0.999,1.000,1.000,1.000,1.000,1.000,1.000,1.000,1.000,1.000,1.000,1.000,1.000,1.000,1.000],

keyboard top row run length
------------------------------------------------------------
1                     1537262 82.7  82.7
2                      264421 14.2  97.0
3                       46639  2.5  99.5
4                        8676  0.5  99.9
5                         908  0.0 100.0
6                         112  0.0 100.0
7                          12  0.0 100.0
8                          10  0.0 100.0
10                          1  0.0 100.0

#data t_row_run_data=>[qw(1 2 3 4 5 6 7 8 10)],
#data t_row_run_frequency=>[0.827,0.142,0.025,0.005,0.000,0.000,0.000,0.000,0.000],
#data t_row_run_cumulative=>[0.827,0.970,0.995,0.999,1.000,1.000,1.000,1.000,1.000],

keyboard home row run length
------------------------------------------------------------
1                      872176 36.2  36.2
2                      581531 24.1  60.3
3                      371364 15.4  75.7
4                      223188  9.3  84.9
5                      137800  5.7  90.6
6                       87587  3.6  94.3
7                       54295  2.3  96.5
8                       33640  1.4  97.9
9                       20043  0.8  98.8
10                      11999  0.5  99.2
11                       7202  0.3  99.5
12                       4337  0.2  99.7
13                       2588  0.1  99.8
14                       1559  0.1  99.9
15                        902  0.0  99.9
16                        558  0.0 100.0
17                        382  0.0 100.0
18                        229  0.0 100.0
19                        147  0.0 100.0
20                         78  0.0 100.0
21                         46  0.0 100.0
22                         30  0.0 100.0
23                         20  0.0 100.0
24                          9  0.0 100.0
25                          3  0.0 100.0
26                          6  0.0 100.0
27                          3  0.0 100.0
28                          3  0.0 100.0
34                          1  0.0 100.0
38                          1  0.0 100.0

#data h_row_run_data=>[qw(1 2 3 4 5 6 7 8 9 10 11 12 13 14 15 16 17 18 19 20 21 22 23 24 25 26 27 28 34 38)],
#data h_row_run_frequency=>[0.362,0.241,0.154,0.093,0.057,0.036,0.023,0.014,0.008,0.005,0.003,0.002,0.001,0.001,0.000,0.000,0.000,0.000,0.000,0.000,0.000,0.000,0.000,0.000,0.000,0.000,0.000,0.000,0.000,0.000],
#data h_row_run_cumulative=>[0.362,0.603,0.757,0.849,0.906,0.943,0.965,0.979,0.988,0.992,0.995,0.997,0.998,0.999,0.999,1.000,1.000,1.000,1.000,1.000,1.000,1.000,1.000,1.000,1.000,1.000,1.000,1.000,1.000,1.000],

keyboard bottom row run length
------------------------------------------------------------
1                      802792 94.0  94.0
2                       51275  6.0 100.0
3                         367  0.0 100.0
4                          20  0.0 100.0
5                           4  0.0 100.0
10                          4  0.0 100.0

#data b_row_run_data=>[qw(1 2 3 4 5 10)],
#data b_row_run_frequency=>[0.940,0.060,0.000,0.000,0.000,0.000],
#data b_row_run_cumulative=>[0.940,1.000,1.000,1.000,1.000,1.000],

keyboard row run length
------------------------------------------------------------
1                     3212230 62.7  62.7
2                      897227 17.5  80.2
3                      418370  8.2  88.4
4                      231884  4.5  92.9
5                      138712  2.7  95.6
6                       87699  1.7  97.3
7                       54307  1.1  98.4
8                       33650  0.7  99.0
9                       20043  0.4  99.4
10                      12004  0.2  99.6
11                       7202  0.1  99.8
12                       4337  0.1  99.9
13                       2588  0.1  99.9
14                       1559  0.0 100.0
15                        902  0.0 100.0
16                        558  0.0 100.0
17                        382  0.0 100.0
18                        229  0.0 100.0
19                        147  0.0 100.0
20                         78  0.0 100.0
21                         46  0.0 100.0
22                         30  0.0 100.0
23                         20  0.0 100.0
24                          9  0.0 100.0
25                          3  0.0 100.0
26                          6  0.0 100.0
27                          3  0.0 100.0
28                          3  0.0 100.0
34                          1  0.0 100.0
38                          1  0.0 100.0

#data all_row_run_data=>[qw(1 2 3 4 5 6 7 8 9 10 11 12 13 14 15 16 17 18 19 20 21 22 23 24 25 26 27 28 34 38)],
#data all_row_run_frequency=>[0.627,0.175,0.082,0.045,0.027,0.017,0.011,0.007,0.004,0.002,0.001,0.001,0.001,0.000,0.000,0.000,0.000,0.000,0.000,0.000,0.000,0.000,0.000,0.000,0.000,0.000,0.000,0.000,0.000,0.000],
#data all_row_run_cumulative=>[0.627,0.802,0.884,0.929,0.956,0.973,0.984,0.990,0.994,0.996,0.998,0.999,0.999,1.000,1.000,1.000,1.000,1.000,1.000,1.000,1.000,1.000,1.000,1.000,1.000,1.000,1.000,1.000,1.000,1.000],

keyboard finger run length
------------------------------------------------------------
1                     7651962 89.3  89.3
2                      842497  9.8  99.1
3                       69374  0.8  99.9
4                        8313  0.1 100.0
5                        1007  0.0 100.0
6                         224  0.0 100.0
7                         124  0.0 100.0
8                           7  0.0 100.0
9                           8  0.0 100.0
10                          1  0.0 100.0
11                          3  0.0 100.0
12                          1  0.0 100.0
13                          1  0.0 100.0
20                          1  0.0 100.0

#data finger_run_data=>[qw(1 2 3 4 5 6 7 8 9 10 11 12 13 20)],
#data finger_run_frequency=>[0.893,0.098,0.008,0.001,0.000,0.000,0.000,0.000,0.000,0.000,0.000,0.000,0.000,0.000],
#data finger_run_cumulative=>[0.893,0.991,0.999,1.000,1.000,1.000,1.000,1.000,1.000,1.000,1.000,1.000,1.000,1.000],

keyboard same-hand row jump length
------------------------------------------------------------
1                     5696576 77.8  77.8
2                     1073707 14.7  92.5
3                      399613  5.5  97.9
4                      101334  1.4  99.3
5                       34233  0.5  99.8
6                        9722  0.1  99.9
7                        3225  0.0 100.0
8                        1077  0.0 100.0
9                         452  0.0 100.0
10                        135  0.0 100.0
11                         45  0.0 100.0
12                         14  0.0 100.0
13                          9  0.0 100.0
18                          1  0.0 100.0
25                          1  0.0 100.0

#data row_jump_data=>[qw(1 2 3 4 5 6 7 8 9 10 11 12 13 18 25)],
#data row_jump_frequency=>[0.778,0.147,0.055,0.014,0.005,0.001,0.000,0.000,0.000,0.000,0.000,0.000,0.000,0.000,0.000],
#data row_jump_cumulative=>[0.778,0.925,0.979,0.993,0.998,0.999,1.000,1.000,1.000,1.000,1.000,1.000,1.000,1.000,1.000],

corpus character frequency
------------------------------------------------------------
e                     1189270 12.4  12.4
t                      857621  8.9  21.4
a                      772047  8.1  29.4
o                      743158  7.8  37.2
i                      664716  6.9  44.1
n                      659446  6.9  51.0
h                      601534  6.3  57.2
s                      600522  6.3  63.5
r                      551354  5.8  69.3
d                      428936  4.5  73.7
l                      395151  4.1  77.9
u                      278222  2.9  80.8
m                      257890  2.7  83.5
w                      230357  2.4  85.9
c                      228885  2.4  88.2
f                      208786  2.2  90.4
y                      202083  2.1  92.5
g                      192882  2.0  94.5
p                      158583  1.7  96.2
b                      149480  1.6  97.8
v                       91308  1.0  98.7
k                       78419  0.8  99.5
j                       14421  0.2  99.7
x                       14308  0.1  99.8
q                       10285  0.1  99.9
z                        6129  0.1 100.0

#data character_frequency_data=>[qw(e t a o i n h s r d l u m w c f y g p b v k j x q z)],
#data character_frequency_frequency=>[0.124,0.089,0.081,0.078,0.069,0.069,0.063,0.063,0.058,0.045,0.041,0.029,0.027,0.024,0.024,0.022,0.021,0.020,0.017,0.016,0.010,0.008,0.002,0.001,0.001,0.001],
#data character_frequency_cumulative=>[0.124,0.214,0.294,0.372,0.441,0.510,0.572,0.635,0.693,0.737,0.779,0.808,0.835,0.859,0.882,0.904,0.925,0.945,0.962,0.978,0.987,0.995,0.997,0.998,0.999,1.000],

Keyboard effort
------------------------------------------------------------
k1                      0.861  74.4  74.4
k1,k2                   1.109  21.5  95.9
k1,k2,k3                1.156   4.1 100.0
b                       0.341  17.0  17.0
p                       0.816  40.7 141.8
ph                      0.000   0.0   0.0
pr                      0.192  23.6  23.6
pf                      0.504  61.8  85.4
s                       0.846  42.2 100.0
all                     2.002 100.0 100.0

#data effort_k1=>[0.861,74.450,74.450],
#data effort_k12=>[1.109,21.492,95.942],
#data effort_k123=>[1.156,4.058,100.000],
#data effort_base=>[0.341,17.024,17.024],
#data effort_penalty=>[0.816,40.735,141.792],
#data effort_penalty_hand=>[0.000,0.000,0.000],
#data effort_penalty_row=>[0.192,23.601,23.601],
#data effort_penalty_finger=>[0.504,61.797,85.399],
#data effort_path=>[0.846,42.241,100.000],
#data effort_all=>[2.002,100.000,100.000],
